keV	att
5.000000e-01	1.950012e+04
1.000000e+00	3.911250e+04
1.500000e+00	1.865249e+04
2.000000e+00	9.531769e+03
2.500000e+00	5.559729e+03
3.000000e+00	3.548914e+03
3.500000e+00	2.414069e+03
4.000000e+00	1.722282e+03
4.500000e+00	1.272999e+03
5.000000e+00	2.384757e+03
5.500000e+00	3.354929e+03
6.000000e+00	2.897673e+03
6.500000e+00	2.365513e+03
7.000000e+00	1.955942e+03
7.500000e+00	1.636133e+03
8.000000e+00	1.384167e+03
8.500000e+00	1.182617e+03
9.000000e+00	1.018889e+03
9.500000e+00	8.840640e+02
1.000000e+01	7.723040e+02
1.050000e+01	6.790061e+02
1.100000e+01	6.002913e+02
1.150000e+01	5.335506e+02
1.200000e+01	4.763866e+02
1.250000e+01	4.272790e+02
1.300000e+01	3.847674e+02
1.350000e+01	3.478566e+02
1.400000e+01	3.155322e+02
1.450000e+01	2.872690e+02
1.500000e+01	2.623143e+02
1.550000e+01	2.401752e+02
1.600000e+01	2.205704e+02
1.650000e+01	2.029974e+02
1.700000e+01	1.873294e+02
1.750000e+01	1.732908e+02
1.800000e+01	1.606357e+02
1.850000e+01	1.491953e+02
1.900000e+01	1.388209e+02
1.950000e+01	1.294057e+02
2.000000e+01	1.208346e+02
2.050000e+01	1.130660e+02
2.100000e+01	1.059335e+02
2.150000e+01	9.940435e+01
2.200000e+01	9.339976e+01
2.250000e+01	8.788465e+01
2.300000e+01	8.280506e+01
2.350000e+01	7.810410e+01
2.400000e+01	7.377585e+01
2.450000e+01	6.977404e+01
2.500000e+01	6.604963e+01
2.550000e+01	6.259385e+01
2.600000e+01	5.938085e+01
2.650000e+01	5.637981e+01
2.700000e+01	5.359288e+01
2.750000e+01	5.097567e+01
2.800000e+01	4.853007e+01
2.850000e+01	4.623818e+01
2.900000e+01	4.410314e+01
2.950000e+01	4.208628e+01
3.000000e+01	4.017459e+01
3.050000e+01	3.838290e+01
3.100000e+01	3.669207e+01
3.150000e+01	3.510147e+01
3.200000e+01	3.359806e+01
3.250000e+01	3.213650e+01
3.300000e+01	3.069211e+01
3.350000e+01	9.244082e+01
3.400000e+01	8.910812e+01
3.450000e+01	8.585512e+01
3.500000e+01	8.275382e+01
3.550000e+01	7.973276e+01
3.600000e+01	1.355226e+02
3.650000e+01	1.310240e+02
3.700000e+01	1.266619e+02
3.750000e+01	1.224360e+02
3.800000e+01	1.183878e+02
3.850000e+01	1.145081e+02
3.900000e+01	1.107877e+02
3.950000e+01	1.072243e+02
4.000000e+01	1.038110e+02
4.050000e+01	1.005409e+02
4.100000e+01	9.740740e+01
4.150000e+01	9.438778e+01
4.200000e+01	9.149203e+01
4.250000e+01	8.871247e+01
4.300000e+01	8.604617e+01
4.350000e+01	8.348768e+01
4.400000e+01	8.103180e+01
4.450000e+01	7.867356e+01
4.500000e+01	7.640710e+01
4.550000e+01	7.422725e+01
4.600000e+01	7.213177e+01
4.650000e+01	7.011536e+01
4.700000e+01	6.817519e+01
4.750000e+01	6.630800e+01
4.800000e+01	6.451038e+01
4.850000e+01	6.277906e+01
4.900000e+01	6.111100e+01
4.950000e+01	5.950245e+01
5.000000e+01	5.795080e+01
5.050000e+01	5.645383e+01
5.100000e+01	5.500888e+01
5.150000e+01	5.361421e+01
5.200000e+01	5.226761e+01
5.250000e+01	5.096698e+01
5.300000e+01	4.971034e+01
5.350000e+01	4.849579e+01
5.400000e+01	4.732103e+01
5.450000e+01	4.618442e+01
5.500000e+01	4.508483e+01
5.550000e+01	4.402004e+01
5.600000e+01	4.298933e+01
5.650000e+01	4.199130e+01
5.700000e+01	4.102466e+01
5.750000e+01	4.008814e+01
5.800000e+01	3.918056e+01
5.850000e+01	3.830079e+01
5.900000e+01	3.744748e+01
5.950000e+01	3.661947e+01
6.000000e+01	3.581621e+01
6.050000e+01	3.503642e+01
6.100000e+01	3.427943e+01
6.150000e+01	3.354453e+01
6.200000e+01	3.283090e+01
6.250000e+01	3.213777e+01
6.300000e+01	3.146440e+01
6.350000e+01	3.081008e+01
6.400000e+01	3.017414e+01
6.450000e+01	2.955579e+01
6.500000e+01	2.895429e+01
6.550000e+01	2.836931e+01
6.600000e+01	2.780020e+01
6.650000e+01	2.724629e+01
6.700000e+01	2.670729e+01
6.750000e+01	2.618269e+01
6.800000e+01	2.567202e+01
6.850000e+01	2.517482e+01
6.900000e+01	2.469064e+01
6.950000e+01	2.421906e+01
7.000000e+01	2.375968e+01
7.050000e+01	2.331210e+01
7.100000e+01	2.287567e+01
7.150000e+01	2.245032e+01
7.200000e+01	2.203562e+01
7.250000e+01	2.163121e+01
7.300000e+01	2.123688e+01
7.350000e+01	2.085233e+01
7.400000e+01	2.047724e+01
7.450000e+01	2.011134e+01
7.500000e+01	1.975435e+01
7.550000e+01	1.940600e+01
7.600000e+01	1.906603e+01
7.650000e+01	1.873420e+01
7.700000e+01	1.841022e+01
7.750000e+01	1.809379e+01
7.800000e+01	1.778483e+01
7.850000e+01	1.748305e+01
7.900000e+01	1.718823e+01
7.950000e+01	1.690025e+01
8.000000e+01	1.661891e+01
8.050000e+01	1.634402e+01
8.100000e+01	1.607541e+01
8.150000e+01	1.581289e+01
8.200000e+01	1.555631e+01
8.250000e+01	1.530550e+01
8.300000e+01	1.506030e+01
8.350000e+01	1.482056e+01
8.400000e+01	1.458608e+01
8.450000e+01	1.435673e+01
8.500000e+01	1.413241e+01
8.550000e+01	1.391299e+01
8.600000e+01	1.369828e+01
8.650000e+01	1.348823e+01
8.700000e+01	1.328270e+01
8.750000e+01	1.308158e+01
8.800000e+01	1.288475e+01
8.850000e+01	1.269210e+01
8.900000e+01	1.250353e+01
8.950000e+01	1.231894e+01
9.000000e+01	1.213821e+01
9.050000e+01	1.196126e+01
9.100000e+01	1.178799e+01
9.150000e+01	1.161828e+01
9.200000e+01	1.145204e+01
9.250000e+01	1.128922e+01
9.300000e+01	1.112973e+01
9.350000e+01	1.097346e+01
9.400000e+01	1.082035e+01
9.450000e+01	1.067034e+01
9.500000e+01	1.052334e+01
9.550000e+01	1.037929e+01
9.600000e+01	1.023810e+01
9.650000e+01	1.009718e+01
9.700000e+01	9.958705e+00
9.750000e+01	9.823084e+00
9.800000e+01	9.690233e+00
9.850000e+01	9.558907e+00
9.900000e+01	9.428358e+00
9.950000e+01	9.300555e+00
1.000000e+02	9.175407e+00
1.005000e+02	9.052858e+00
1.010000e+02	8.932832e+00
1.015000e+02	8.815254e+00
1.020000e+02	8.700024e+00
1.025000e+02	8.587099e+00
1.030000e+02	8.476420e+00
1.035000e+02	8.367923e+00
1.040000e+02	8.261549e+00
1.045000e+02	8.157238e+00
1.050000e+02	8.054934e+00
1.055000e+02	7.954584e+00
1.060000e+02	7.856136e+00
1.065000e+02	7.759538e+00
1.070000e+02	7.664743e+00
1.075000e+02	7.571704e+00
1.080000e+02	7.480376e+00
1.085000e+02	7.390697e+00
1.090000e+02	7.302621e+00
1.095000e+02	7.216129e+00
1.100000e+02	7.131183e+00
1.105000e+02	7.047745e+00
1.110000e+02	6.965756e+00
1.115000e+02	6.885191e+00
1.120000e+02	6.806028e+00
1.125000e+02	6.728233e+00
1.130000e+02	6.651774e+00
1.135000e+02	6.576620e+00
1.140000e+02	6.502740e+00
1.145000e+02	6.430105e+00
1.150000e+02	6.358686e+00
1.155000e+02	6.288457e+00
1.160000e+02	6.219389e+00
1.165000e+02	6.151458e+00
1.170000e+02	6.084638e+00
1.175000e+02	6.018905e+00
1.180000e+02	5.954231e+00
1.185000e+02	5.890572e+00
1.190000e+02	5.827930e+00
1.195000e+02	5.766284e+00
1.200000e+02	5.705614e+00
1.205000e+02	5.645889e+00
1.210000e+02	5.587088e+00
1.215000e+02	5.529201e+00
1.220000e+02	5.472211e+00
1.225000e+02	5.416099e+00
1.230000e+02	5.360847e+00
1.235000e+02	5.306438e+00
1.240000e+02	5.252854e+00
1.245000e+02	5.200079e+00
1.250000e+02	5.148097e+00
1.255000e+02	5.096892e+00
1.260000e+02	5.046449e+00
1.265000e+02	4.996754e+00
1.270000e+02	4.947790e+00
1.275000e+02	4.899546e+00
1.280000e+02	4.852005e+00
1.285000e+02	4.805150e+00
1.290000e+02	4.758964e+00
1.295000e+02	4.713443e+00
1.300000e+02	4.668575e+00
1.305000e+02	4.624348e+00
1.310000e+02	4.580749e+00
1.315000e+02	4.537757e+00
1.320000e+02	4.495369e+00
1.325000e+02	4.453576e+00
1.330000e+02	4.412367e+00
1.335000e+02	4.371732e+00
1.340000e+02	4.331659e+00
1.345000e+02	4.292140e+00
1.350000e+02	4.253164e+00
1.355000e+02	4.214722e+00
1.360000e+02	4.176803e+00
1.365000e+02	4.139400e+00
1.370000e+02	4.102503e+00
1.375000e+02	4.066102e+00
1.380000e+02	4.030191e+00
1.385000e+02	3.994759e+00
1.390000e+02	3.959799e+00
1.395000e+02	3.925302e+00
1.400000e+02	3.891257e+00
1.405000e+02	3.857655e+00
1.410000e+02	3.824494e+00
1.415000e+02	3.791766e+00
1.420000e+02	3.759464e+00
1.425000e+02	3.727581e+00
1.430000e+02	3.696104e+00
1.435000e+02	3.665030e+00
1.440000e+02	3.634354e+00
1.445000e+02	3.604071e+00
1.450000e+02	3.574173e+00
1.455000e+02	3.544655e+00
1.460000e+02	3.515510e+00
1.465000e+02	3.486732e+00
1.470000e+02	3.458316e+00
1.475000e+02	3.430255e+00
1.480000e+02	3.402544e+00
1.485000e+02	3.375177e+00
1.490000e+02	3.348149e+00
1.495000e+02	3.321455e+00
1.500000e+02	3.295088e+00
