keV	att
5.000000e-01	1.894934e+04
1.000000e+00	3.197174e+03
1.500000e+00	1.082215e+03
2.000000e+00	6.094444e+03
2.500000e+00	3.447006e+03
3.000000e+00	2.128461e+03
3.500000e+00	1.403276e+03
4.000000e+00	9.738044e+02
4.500000e+00	7.014061e+02
5.000000e+00	5.222069e+02
5.500000e+00	3.986934e+02
6.000000e+00	3.104302e+02
6.500000e+00	2.502960e+02
7.000000e+00	2.028366e+02
7.500000e+00	1.658517e+02
8.000000e+00	1.370036e+02
8.500000e+00	1.143473e+02
9.000000e+00	9.638728e+01
9.500000e+00	8.200512e+01
1.000000e+01	7.036738e+01
1.050000e+01	6.085618e+01
1.100000e+01	5.300958e+01
1.150000e+01	4.647702e+01
1.200000e+01	4.099538e+01
1.250000e+01	3.635825e+01
1.300000e+01	3.240952e+01
1.350000e+01	2.902328e+01
1.400000e+01	2.610322e+01
1.450000e+01	2.356989e+01
1.500000e+01	2.136144e+01
1.550000e+01	1.942669e+01
1.600000e+01	1.772415e+01
1.650000e+01	1.621999e+01
1.700000e+01	1.488532e+01
1.750000e+01	1.369729e+01
1.800000e+01	1.263599e+01
1.850000e+01	1.168469e+01
1.900000e+01	1.082971e+01
1.950000e+01	1.005892e+01
2.000000e+01	9.362146e+00
2.050000e+01	8.730860e+00
2.100000e+01	8.157404e+00
2.150000e+01	7.635192e+00
2.200000e+01	7.158821e+00
2.250000e+01	6.723373e+00
2.300000e+01	6.324263e+00
2.350000e+01	5.958022e+00
2.400000e+01	5.621361e+00
2.450000e+01	5.311295e+00
2.500000e+01	5.025125e+00
2.550000e+01	4.760775e+00
2.600000e+01	4.516214e+00
2.650000e+01	4.289564e+00
2.700000e+01	4.079107e+00
2.750000e+01	3.883593e+00
2.800000e+01	3.701728e+00
2.850000e+01	3.532350e+00
2.900000e+01	3.374225e+00
2.950000e+01	3.226605e+00
3.000000e+01	3.088644e+00
3.050000e+01	2.959571e+00
3.100000e+01	2.838649e+00
3.150000e+01	2.725176e+00
3.200000e+01	2.618691e+00
3.250000e+01	2.518668e+00
3.300000e+01	2.424630e+00
3.350000e+01	2.336105e+00
3.400000e+01	2.252629e+00
3.450000e+01	2.173942e+00
3.500000e+01	2.099709e+00
3.550000e+01	2.029620e+00
3.600000e+01	1.963394e+00
3.650000e+01	1.900639e+00
3.700000e+01	1.841235e+00
3.750000e+01	1.784980e+00
3.800000e+01	1.731670e+00
3.850000e+01	1.681115e+00
3.900000e+01	1.633141e+00
3.950000e+01	1.587464e+00
4.000000e+01	1.544061e+00
4.050000e+01	1.502794e+00
4.100000e+01	1.463535e+00
4.150000e+01	1.426164e+00
4.200000e+01	1.390568e+00
4.250000e+01	1.356580e+00
4.300000e+01	1.324159e+00
4.350000e+01	1.293226e+00
4.400000e+01	1.263698e+00
4.450000e+01	1.235494e+00
4.500000e+01	1.208543e+00
4.550000e+01	1.182770e+00
4.600000e+01	1.158082e+00
4.650000e+01	1.134455e+00
4.700000e+01	1.111831e+00
4.750000e+01	1.090159e+00
4.800000e+01	1.069388e+00
4.850000e+01	1.049471e+00
4.900000e+01	1.030366e+00
4.950000e+01	1.011988e+00
5.000000e+01	9.943391e-01
5.050000e+01	9.773868e-01
5.100000e+01	9.610965e-01
5.150000e+01	9.454359e-01
5.200000e+01	9.303744e-01
5.250000e+01	9.158833e-01
5.300000e+01	9.019325e-01
5.350000e+01	8.884543e-01
5.400000e+01	8.754712e-01
5.450000e+01	8.629603e-01
5.500000e+01	8.508999e-01
5.550000e+01	8.392694e-01
5.600000e+01	8.280495e-01
5.650000e+01	8.172217e-01
5.700000e+01	8.067686e-01
5.750000e+01	7.966519e-01
5.800000e+01	7.868674e-01
5.850000e+01	7.774117e-01
5.900000e+01	7.682707e-01
5.950000e+01	7.594308e-01
6.000000e+01	7.508794e-01
6.050000e+01	7.426043e-01
6.100000e+01	7.345941e-01
6.150000e+01	7.268377e-01
6.200000e+01	7.193092e-01
6.250000e+01	7.120123e-01
6.300000e+01	7.049401e-01
6.350000e+01	6.980836e-01
6.400000e+01	6.914342e-01
6.450000e+01	6.849837e-01
6.500000e+01	6.787243e-01
6.550000e+01	6.726487e-01
6.600000e+01	6.667496e-01
6.650000e+01	6.610149e-01
6.700000e+01	6.554377e-01
6.750000e+01	6.500181e-01
6.800000e+01	6.447501e-01
6.850000e+01	6.396281e-01
6.900000e+01	6.346467e-01
6.950000e+01	6.298008e-01
7.000000e+01	6.248291e-01
7.050000e+01	6.198662e-01
7.100000e+01	6.150380e-01
7.150000e+01	6.103385e-01
7.200000e+01	6.057542e-01
7.250000e+01	6.012894e-01
7.300000e+01	5.969395e-01
7.350000e+01	5.927002e-01
7.400000e+01	5.885673e-01
7.450000e+01	5.845367e-01
7.500000e+01	5.806049e-01
7.550000e+01	5.767681e-01
7.600000e+01	5.730230e-01
7.650000e+01	5.693662e-01
7.700000e+01	5.657947e-01
7.750000e+01	5.622995e-01
7.800000e+01	5.588825e-01
7.850000e+01	5.555424e-01
7.900000e+01	5.522767e-01
7.950000e+01	5.490829e-01
8.000000e+01	5.459587e-01
8.050000e+01	5.429016e-01
8.100000e+01	5.399097e-01
8.150000e+01	5.369807e-01
8.200000e+01	5.341128e-01
8.250000e+01	5.313039e-01
8.300000e+01	5.285523e-01
8.350000e+01	5.258525e-01
8.400000e+01	5.232053e-01
8.450000e+01	5.206104e-01
8.500000e+01	5.180663e-01
8.550000e+01	5.155713e-01
8.600000e+01	5.131241e-01
8.650000e+01	5.107234e-01
8.700000e+01	5.083676e-01
8.750000e+01	5.060556e-01
8.800000e+01	5.037862e-01
8.850000e+01	5.015580e-01
8.900000e+01	4.993701e-01
8.950000e+01	4.972201e-01
9.000000e+01	4.951059e-01
9.050000e+01	4.930287e-01
9.100000e+01	4.909875e-01
9.150000e+01	4.889814e-01
9.200000e+01	4.870095e-01
9.250000e+01	4.850707e-01
9.300000e+01	4.831644e-01
9.350000e+01	4.812896e-01
9.400000e+01	4.794456e-01
9.450000e+01	4.776315e-01
9.500000e+01	4.758465e-01
9.550000e+01	4.740901e-01
9.600000e+01	4.723614e-01
9.650000e+01	4.706588e-01
9.700000e+01	4.689802e-01
9.750000e+01	4.673275e-01
9.800000e+01	4.656999e-01
9.850000e+01	4.640970e-01
9.900000e+01	4.625180e-01
9.950000e+01	4.609625e-01
1.000000e+02	4.594299e-01
1.005000e+02	4.579196e-01
1.010000e+02	4.564312e-01
1.015000e+02	4.549641e-01
1.020000e+02	4.535179e-01
1.025000e+02	4.520921e-01
1.030000e+02	4.506861e-01
1.035000e+02	4.492997e-01
1.040000e+02	4.479323e-01
1.045000e+02	4.465808e-01
1.050000e+02	4.452471e-01
1.055000e+02	4.439312e-01
1.060000e+02	4.426328e-01
1.065000e+02	4.413515e-01
1.070000e+02	4.400870e-01
1.075000e+02	4.388389e-01
1.080000e+02	4.376068e-01
1.085000e+02	4.363904e-01
1.090000e+02	4.351894e-01
1.095000e+02	4.340035e-01
1.100000e+02	4.328324e-01
1.105000e+02	4.316757e-01
1.110000e+02	4.305332e-01
1.115000e+02	4.294045e-01
1.120000e+02	4.282895e-01
1.125000e+02	4.271874e-01
1.130000e+02	4.260964e-01
1.135000e+02	4.250183e-01
1.140000e+02	4.239527e-01
1.145000e+02	4.228995e-01
1.150000e+02	4.218585e-01
1.155000e+02	4.208293e-01
1.160000e+02	4.198117e-01
1.165000e+02	4.188056e-01
1.170000e+02	4.178107e-01
1.175000e+02	4.168268e-01
1.180000e+02	4.158538e-01
1.185000e+02	4.148913e-01
1.190000e+02	4.139392e-01
1.195000e+02	4.129974e-01
1.200000e+02	4.120656e-01
1.205000e+02	4.111436e-01
1.210000e+02	4.102310e-01
1.215000e+02	4.093267e-01
1.220000e+02	4.084316e-01
1.225000e+02	4.075458e-01
1.230000e+02	4.066690e-01
1.235000e+02	4.058011e-01
1.240000e+02	4.049419e-01
1.245000e+02	4.040913e-01
1.250000e+02	4.032491e-01
1.255000e+02	4.024151e-01
1.260000e+02	4.015893e-01
1.265000e+02	4.007715e-01
1.270000e+02	3.999615e-01
1.275000e+02	3.991593e-01
1.280000e+02	3.983647e-01
1.285000e+02	3.975776e-01
1.290000e+02	3.967978e-01
1.295000e+02	3.960252e-01
1.300000e+02	3.952597e-01
1.305000e+02	3.945013e-01
1.310000e+02	3.937487e-01
1.315000e+02	3.930027e-01
1.320000e+02	3.922635e-01
1.325000e+02	3.915308e-01
1.330000e+02	3.908046e-01
1.335000e+02	3.900848e-01
1.340000e+02	3.893713e-01
1.345000e+02	3.886639e-01
1.350000e+02	3.879626e-01
1.355000e+02	3.872673e-01
1.360000e+02	3.865779e-01
1.365000e+02	3.858943e-01
1.370000e+02	3.852164e-01
1.375000e+02	3.845441e-01
1.380000e+02	3.838774e-01
1.385000e+02	3.832162e-01
1.390000e+02	3.825604e-01
1.395000e+02	3.819098e-01
1.400000e+02	3.812645e-01
1.405000e+02	3.806243e-01
1.410000e+02	3.799892e-01
1.415000e+02	3.793584e-01
1.420000e+02	3.787324e-01
1.425000e+02	3.781113e-01
1.430000e+02	3.774950e-01
1.435000e+02	3.768834e-01
1.440000e+02	3.762764e-01
1.445000e+02	3.756741e-01
1.450000e+02	3.750763e-01
1.455000e+02	3.744830e-01
1.460000e+02	3.738941e-01
1.465000e+02	3.733095e-01
1.470000e+02	3.727293e-01
1.475000e+02	3.721533e-01
1.480000e+02	3.715814e-01
1.485000e+02	3.710137e-01
1.490000e+02	3.704500e-01
1.495000e+02	3.698904e-01
1.500000e+02	3.693347e-01
